100
8 248.50 828.20 278.18 809.04 302.83 747.98 282.33 699.48 227.30 686.34 205.76 682.44 191.23 705.17 189.92 744.76
6 536.50 912.31 544.73 883.15 537.97 744.54 511.24 748.80 500.56 755.00 521.15 933.43
6 218.66 382.67 131.05 288.05 107.60 295.29 83.25 397.43 111.61 415.10 144.34 411.25
5 724.89 141.55 686.31 111.43 649.92 110.69 653.03 185.23 716.41 183.96
5 150.06 47.66 167.98 70.26 224.25 83.34 261.46 -8.24 129.06 -8.24
7 588.14 220.05 458.43 236.26 454.55 246.26 466.14 297.81 495.19 314.21 617.19 318.42 617.50 310.64
5 217.23 465.93 272.33 462.62 252.49 406.45 218.66 382.67 144.34 411.25
6 859.10 467.75 906.74 435.53 916.77 382.37 908.81 365.40 803.25 360.94 799.95 365.01
7 680.75 392.52 799.95 365.01 803.25 360.94 813.34 326.25 768.53 257.22 751.42 253.90 656.05 374.15
5 1008.56 407.62 1008.56 349.04 941.71 316.45 908.81 365.40 916.77 382.37
7 712.82 217.06 716.55 184.52 716.41 183.96 653.03 185.23 588.24 218.28 588.14 220.05 617.50 310.64
4 618.90 768.80 544.50 741.52 537.97 744.54 544.73 883.15
5 895.36 584.73 864.82 624.31 940.41 722.58 1008.56 710.68 1008.56 568.11
5 919.87 847.06 914.30 861.40 905.46 992.24 1008.56 992.24 1008.56 932.06
6 422.72 785.03 387.01 760.25 302.83 747.98 278.18 809.04 344.66 847.32 417.84 825.90
4 227.30 686.34 282.33 699.48 370.72 601.39 321.35 521.76
6 456.15 83.52 468.35 152.68 475.37 157.81 557.55 120.83 567.59 92.05 544.45 29.56
5 83.38 548.59 65.31 413.04 -8.56 421.10 -8.56 554.33 81.95 552.66
6 50.84 677.16 70.46 678.59 120.94 596.69 81.95 552.66 -8.56 554.33 -8.56 650.87
7 768.94 113.69 744.55 -8.24 724.28 -8.24 711.07 15.47 686.31 111.43 724.89 141.55 752.81 129.20
8 324.92 923.81 344.66 847.32 278.18 809.04 248.50 828.20 210.14 886.99 218.00 907.40 256.30 992.24 266.39 992.24
5 344.66 847.32 324.92 923.81 366.04 912.06 428.48 847.02 417.84 825.90
4 649.92 110.69 686.31 111.43 711.07 15.47 583.13 93.15
4 443.18 314.54 382.01 337.66 375.62 445.19 447.73 441.89
6 736.25 802.10 736.80 796.33 686.95 772.11 618.90 768.80 544.73 883.15 536.50 912.31
5 65.31 413.04 83.25 397.43 107.60 295.29 -8.56 250.30 -8.56 421.10
6 458.43 236.26 588.14 220.05 588.24 218.28 557.55 120.83 475.37 157.81 456.48 211.61
6 495.19 314.21 476.71 445.85 479.52 447.35 543.08 440.99 643.17 367.25 617.19 318.42
7 741.32 566.07 753.85 590.22 862.93 625.48 864.82 624.31 895.36 584.73 856.17 506.35 816.79 503.18
7 379.20 55.44 352.33 49.66 307.63 125.35 310.63 141.03 329.32 144.72 440.53 138.77 428.71 87.04
7 643.17 367.25 543.08 440.99 575.61 528.56 593.04 538.86 691.92 462.14 680.75 392.52 656.05 374.15
6 118.38 864.75 102.80 948.51 106.43 952.03 218.00 907.40 210.14 886.99 152.47 862.90
6 456.48 211.61 475.37 157.81 468.35 152.68 440.53 138.77 329.32 144.72 415.10 191.90
7 375.62 445.19 382.01 337.66 311.14 272.39 252.49 406.45 272.33 462.62 301.62 492.28 304.98 493.18
7 359.46 247.54 306.48 249.63 311.14 272.39 382.01 337.66 443.18 314.54 466.14 297.81 454.55 246.26
5 542.97 19.83 379.20 55.44 428.71 87.04 456.15 83.52 544.45 29.56
5 352.33 49.66 379.20 55.44 542.97 19.83 544.95 -8.24 350.62 -8.24
5 906.43 226.00 941.71 316.45 1008.56 349.04 1008.56 182.38 911.67 201.28
6 691.92 462.14 593.04 538.86 606.24 588.50 656.21 588.50 705.52 519.47 701.10 476.96
6 653.03 185.23 649.92 110.69 583.13 93.15 567.59 92.05 557.55 120.83 588.24 218.28
5 191.23 705.17 88.38 735.42 86.35 741.25 153.53 789.24 189.92 744.76
8 754.44 780.94 736.80 796.33 736.25 802.10 753.59 924.53 914.30 861.40 919.87 847.06 922.82 811.71 773.23 771.12
5 266.39 992.24 517.52 992.24 515.43 977.79 366.04 912.06 324.92 923.81
5 370.72 601.39 282.33 699.48 302.83 747.98 387.01 760.25 381.29 605.89
5 106.43 952.03 102.80 948.51 98.18 949.47 4.63 992.24 132.88 992.24
5 5.48 836.32 118.38 864.75 152.47 862.90 153.53 789.24 86.35 741.25
6 799.30 212.10 819.15 203.18 752.81 129.20 724.89 141.55 716.41 183.96 716.55 184.52
7 768.53 257.22 813.34 326.25 906.43 226.00 911.67 201.28 911.63 201.23 819.15 203.18 799.30 212.10
4 435.85 624.12 432.35 778.13 500.56 755.00 511.24 748.80
7 205.76 682.44 203.28 677.39 121.94 596.96 120.94 596.69 70.46 678.59 88.38 735.42 191.23 705.17
7 301.62 492.28 287.86 504.55 203.28 677.39 205.76 682.44 227.30 686.34 321.35 521.76 304.98 493.18
9 155.46 473.98 83.38 548.59 81.95 552.66 120.94 596.69 121.94 596.96 287.86 504.55 301.62 492.28 272.33 462.62 217.23 465.93
4 768.94 113.69 806.80 109.53 862.59 -8.24 744.55 -8.24
4 428.71 87.04 440.53 138.77 468.35 152.68 456.15 83.52
3 287.86 504.55 121.94 596.96 203.28 677.39
5 908.81 365.40 941.71 316.45 906.43 226.00 813.34 326.25 803.25 360.94
6 329.32 144.72 310.63 141.03 287.81 221.96 306.48 249.63 359.46 247.54 415.10 191.90
7 500.56 755.00 432.35 778.13 422.72 785.03 417.84 825.90 428.48 847.02 513.97 946.10 521.15 933.43
6 922.82 811.71 925.39 810.35 940.41 722.58 864.82 624.31 862.93 625.48 773.23 771.12
4 366.04 912.06 515.43 977.79 513.97 946.10 428.48 847.02
6 617.19 318.42 643.17 367.25 656.05 374.15 751.42 253.90 712.82 217.06 617.50 310.64
4 98.18 949.47 -8.56 856.07 -8.56 992.24 4.63 992.24
6 381.29 605.89 387.01 760.25 422.72 785.03 432.35 778.13 435.85 624.12 432.68 613.07
7 311.14 272.39 306.48 249.63 287.81 221.96 169.74 244.86 131.05 288.05 218.66 382.67 252.49 406.45
6 576.24 633.98 559.48 641.30 544.50 741.52 618.90 768.80 686.95 772.11 644.80 675.76
5 153.53 789.24 152.47 862.90 210.14 886.99 248.50 828.20 189.92 744.76
5 83.25 397.43 65.31 413.04 83.38 548.59 155.46 473.98 111.61 415.10
4 901.77 179.27 898.02 -8.24 862.59 -8.24 806.80 109.53
8 513.97 946.10 515.43 977.79 517.52 992.24 754.98 992.24 753.59 924.53 736.25 802.10 536.50 912.31 521.15 933.43
5 656.21 588.50 606.24 588.50 576.24 633.98 644.80 675.76 683.52 621.03
4 940.41 722.58 925.39 810.35 1008.56 812.34 1008.56 710.68
4 142.21 159.21 167.98 70.26 150.06 47.66 8.48 149.23
5 8.48 149.23 150.06 47.66 129.06 -8.24 -8.56 -8.24 -8.56 153.45
6 819.15 203.18 911.63 201.23 901.77 179.27 806.80 109.53 768.94 113.69 752.81 129.20
11 476.71 445.85 447.73 441.89 375.62 445.19 304.98 493.18 321.35 521.76 370.72 601.39 381.29 605.89 432.68 613.07 469.92 598.96 486.95 561.23 479.52 447.35
5 925.39 810.35 922.82 811.71 919.87 847.06 1008.56 932.06 1008.56 812.34
7 224.25 83.34 167.98 70.26 142.21 159.21 169.74 244.86 287.81 221.96 310.63 141.03 307.63 125.35
4 486.95 561.23 575.61 528.56 543.08 440.99 479.52 447.35
7 559.48 641.30 576.24 633.98 606.24 588.50 593.04 538.86 575.61 528.56 486.95 561.23 469.92 598.96
6 -8.56 839.75 -8.56 856.07 98.18 949.47 102.80 948.51 118.38 864.75 5.48 836.32
4 916.77 382.37 906.74 435.53 1008.56 447.82 1008.56 407.62
6 901.77 179.27 911.63 201.23 911.67 201.28 1008.56 182.38 1008.56 -8.24 898.02 -8.24
6 705.52 519.47 656.21 588.50 683.52 621.03 709.50 626.16 753.85 590.22 741.32 566.07
7 680.75 392.52 691.92 462.14 701.10 476.96 816.79 503.18 856.17 506.35 859.10 467.75 799.95 365.01
7 544.45 29.56 567.59 92.05 583.13 93.15 711.07 15.47 724.28 -8.24 544.95 -8.24 542.97 19.83
5 754.44 780.94 773.23 771.12 862.93 625.48 753.85 590.22 709.50 626.16
7 142.21 159.21 8.48 149.23 -8.56 153.45 -8.56 250.30 107.60 295.29 131.05 288.05 169.74 244.86
4 754.98 992.24 905.46 992.24 914.30 861.40 753.59 924.53
6 644.80 675.76 686.95 772.11 736.80 796.33 754.44 780.94 709.50 626.16 683.52 621.03
4 106.43 952.03 132.88 992.24 256.30 992.24 218.00 907.40
5 359.46 247.54 454.55 246.26 458.43 236.26 456.48 211.61 415.10 191.90
4 111.61 415.10 155.46 473.98 217.23 465.93 144.34 411.25
5 350.62 -8.24 261.46 -8.24 224.25 83.34 307.63 125.35 352.33 49.66
6 856.17 506.35 895.36 584.73 1008.56 568.11 1008.56 447.82 906.74 435.53 859.10 467.75
5 495.19 314.21 466.14 297.81 443.18 314.54 447.73 441.89 476.71 445.85
7 70.46 678.59 50.84 677.16 -8.56 736.56 -8.56 839.75 5.48 836.32 86.35 741.25 88.38 735.42
3 50.84 677.16 -8.56 650.87 -8.56 736.56
5 751.42 253.90 768.53 257.22 799.30 212.10 716.55 184.52 712.82 217.06
7 432.68 613.07 435.85 624.12 511.24 748.80 537.97 744.54 544.50 741.52 559.48 641.30 469.92 598.96
4 701.10 476.96 705.52 519.47 741.32 566.07 816.79 503.18
