20
6 6.16 109.57 6.16 117.99 155.61 341.12 261.57 388.07 359.85 342.20 411.67 222.88
6 788.10 390.44 789.28 392.23 985.84 418.82 985.84 102.18 932.61 102.18 841.44 227.78
6 359.62 649.15 414.50 627.84 504.25 464.76 506.53 449.09 477.86 434.53 300.48 439.02
5 757.07 567.24 755.40 604.72 985.84 761.59 985.84 418.82 789.28 392.23
3 841.44 227.78 932.61 102.18 685.70 102.18
4 504.25 464.76 414.50 627.84 592.88 667.99 562.46 519.67
7 789.28 392.23 788.10 390.44 639.66 335.47 506.53 449.09 504.25 464.76 562.46 519.67 757.07 567.24
5 411.67 222.88 546.78 192.50 557.44 102.18 6.16 102.18 6.16 109.57
4 637.87 821.38 470.74 969.50 468.18 976.82 963.05 976.82
5 757.07 567.24 562.46 519.67 592.88 667.99 651.55 692.17 755.40 604.72
7 155.61 341.12 124.62 537.43 339.21 656.86 356.47 652.95 359.62 649.15 300.48 439.02 261.57 388.07
4 124.62 537.43 155.61 341.12 6.16 117.99 6.16 653.49
5 261.57 388.07 300.48 439.02 477.86 434.53 420.55 356.15 359.85 342.20
7 639.66 335.47 788.10 390.44 841.44 227.78 685.70 102.18 557.44 102.18 546.78 192.50 548.89 197.41
5 546.78 192.50 411.67 222.88 359.85 342.20 420.55 356.15 548.89 197.41
6 755.40 604.72 651.55 692.17 637.87 821.38 963.05 976.82 985.84 976.82 985.84 761.59
7 592.88 667.99 414.50 627.84 359.62 649.15 356.47 652.95 470.74 969.50 637.87 821.38 651.55 692.17
6 470.74 969.50 356.47 652.95 339.21 656.86 6.16 894.49 6.16 976.82 468.18 976.82
5 420.55 356.15 477.86 434.53 506.53 449.09 639.66 335.47 548.89 197.41
4 6.16 653.49 6.16 894.49 339.21 656.86 124.62 537.43
