500
7 509.31 380.24 499.56 401.61 513.01 425.82 546.86 447.20 571.09 420.94 555.16 384.72 515.39 379.50
7 164.53 268.35 133.34 275.92 134.67 339.56 157.44 353.62 181.47 331.06 187.96 295.99 167.69 270.92
8 738.48 837.76 745.47 874.20 762.08 881.32 774.19 880.99 821.61 859.70 825.29 844.71 817.19 822.61 812.63 816.85
5 520.27 665.86 504.84 658.60 447.37 641.36 444.99 676.57 469.17 720.89
6 240.92 1.60 319.09 47.93 319.55 47.81 348.33 -4.00 350.11 -19.96 243.81 -19.96
5 444.54 36.64 444.48 33.18 417.72 -1.22 407.07 28.06 419.33 57.50
5 328.60 1002.60 316.73 961.05 292.00 953.01 288.82 954.63 284.02 958.02
7 778.32 937.41 796.94 958.94 801.67 957.64 829.12 927.15 829.19 926.83 774.19 880.99 762.08 881.32
6 892.83 314.98 919.31 300.27 925.08 277.20 892.09 267.50 863.08 285.23 860.25 294.25
6 809.94 301.88 832.42 306.87 834.30 305.66 815.16 250.95 806.47 249.63 798.55 289.23
7 785.49 621.28 785.59 620.04 745.72 571.22 716.15 581.76 707.30 621.95 708.63 642.19 722.82 658.23
5 793.46 767.35 811.98 803.01 847.32 785.34 843.68 765.68 821.99 729.95
6 23.90 588.31 40.19 568.96 47.74 508.60 16.66 448.04 -18.96 448.38 -18.96 579.61
7 143.48 838.86 145.29 843.53 168.88 891.97 197.41 860.27 189.28 839.94 174.50 831.50 173.59 831.50
6 532.85 543.12 531.84 525.69 513.02 519.00 475.70 524.33 465.73 556.90 512.50 559.29
6 118.14 140.27 99.48 102.96 85.72 94.63 53.27 128.88 73.02 161.97 103.18 159.38
5 70.03 890.55 84.33 885.14 117.93 827.83 66.52 815.97 56.14 836.72
7 372.05 484.98 370.00 486.00 349.60 506.40 345.40 530.93 364.64 539.23 381.95 541.61 393.66 533.60
6 554.70 816.00 542.62 834.63 542.76 836.92 549.76 843.50 634.26 843.50 621.17 816.00
5 913.51 89.97 919.16 61.00 883.08 35.50 874.08 50.66 896.43 95.36
7 675.86 905.19 614.92 880.26 595.07 898.34 593.39 907.40 611.00 923.35 621.33 926.86 673.10 912.58
9 796.49 613.54 785.59 620.04 785.49 621.28 793.64 639.94 803.59 645.35 835.89 654.02 868.90 648.28 861.97 617.13 838.67 595.90
7 579.11 638.65 563.17 611.75 557.60 608.36 544.45 615.40 527.20 665.50 543.00 681.58 580.58 675.54
5 244.06 60.74 201.54 99.01 243.53 145.85 259.67 145.21 244.56 61.26
7 492.60 104.92 501.86 145.06 520.89 154.37 524.53 152.74 530.47 137.53 508.32 97.96 495.25 102.62
7 376.59 668.20 374.58 676.52 399.84 701.08 444.99 676.57 447.37 641.36 444.36 635.40 431.62 636.10
5 385.71 263.51 351.85 255.39 369.91 314.56 387.92 316.67 401.41 289.68
5 671.54 467.65 659.70 454.50 658.60 454.50 650.06 487.83 683.42 518.15
4 880.96 984.39 858.08 949.04 854.56 948.05 845.13 981.03
7 948.40 358.02 953.57 349.64 954.08 346.88 939.08 319.26 919.31 300.27 892.83 314.98 897.77 344.59
6 745.47 874.20 728.83 890.33 728.68 894.56 738.62 939.30 778.32 937.41 762.08 881.32
7 603.63 713.58 599.41 682.29 593.00 679.03 580.58 675.54 543.00 681.58 543.00 706.31 586.53 728.83
6 544.45 615.40 557.60 608.36 567.61 573.83 532.85 543.12 512.50 559.29 512.50 600.70
6 469.44 78.11 454.20 74.30 425.85 86.90 436.34 110.09 449.82 110.43 467.17 100.79
5 1018.96 523.97 1018.96 451.76 976.93 449.64 967.12 462.57 998.78 506.89
5 579.60 -19.96 478.64 -19.96 477.42 10.00 498.12 34.85 537.07 26.74
5 673.99 240.80 674.42 240.24 649.02 203.96 622.29 205.40 632.12 236.32
5 650.06 487.83 645.02 494.78 673.08 536.87 684.06 519.31 683.42 518.15
5 453.71 604.34 444.36 635.40 447.37 641.36 504.84 658.60 498.72 603.46
5 138.01 204.30 134.50 190.00 110.50 168.00 95.05 222.07 102.44 235.43
7 134.50 190.00 160.72 161.39 150.84 134.56 138.40 132.98 118.14 140.27 103.18 159.38 110.50 168.00
7 375.39 478.70 415.86 468.81 417.78 466.38 421.62 447.93 397.58 426.07 381.40 427.01 350.39 438.22
5 863.08 285.23 892.09 267.50 894.45 229.85 875.25 224.85 853.23 255.68
6 338.74 393.53 272.69 385.60 274.99 406.89 278.25 411.65 338.31 416.88 339.43 396.70
6 266.50 469.13 297.36 492.69 312.12 479.50 297.20 439.69 283.41 430.79 266.50 462.62
5 554.24 309.28 554.13 314.13 589.54 349.54 596.03 328.06 585.53 304.64
5 966.63 264.21 966.40 269.18 972.97 323.40 1018.96 313.45 1018.96 264.93
6 219.61 291.38 241.38 298.21 270.34 288.55 230.74 231.53 227.18 231.48 215.29 258.22
6 912.16 606.55 927.65 607.61 931.92 582.00 915.39 577.69 899.93 590.06 899.91 590.21
4 15.02 835.78 1.53 957.25 55.84 906.96 65.23 894.35
8 991.85 636.01 956.90 654.82 960.46 669.94 966.68 687.81 975.58 701.70 1010.63 722.37 1018.96 722.30 1018.96 638.89
5 499.48 965.50 543.42 965.50 518.58 933.20 499.54 931.39 486.13 946.55
6 719.64 198.56 707.97 178.59 671.60 158.80 649.02 203.96 674.42 240.24 715.47 221.86
5 645.02 494.78 612.90 518.57 612.76 529.59 668.35 548.12 673.08 536.87
6 798.55 289.23 806.47 249.63 789.47 238.69 746.09 261.66 746.05 264.47 750.56 273.75
7 717.60 421.06 727.01 407.09 722.53 378.72 716.05 376.67 709.54 378.38 691.37 395.16 703.83 426.33
6 169.52 605.30 160.08 650.96 190.30 668.59 209.94 670.85 228.59 657.78 228.40 651.09
4 216.62 730.79 234.17 724.94 210.23 685.04 197.71 706.49
6 793.64 639.94 785.49 621.28 722.82 658.23 723.43 664.72 755.70 699.41 775.33 696.09
4 970.57 952.56 993.82 1017.96 1018.96 1017.96 1018.96 899.77
5 44.93 607.96 32.24 600.02 -6.42 677.34 44.91 676.19 69.02 627.12
8 706.90 935.94 728.68 894.56 728.83 890.33 684.29 895.99 675.86 905.19 673.10 912.58 677.44 938.61 677.72 938.72
6 982.12 80.79 963.29 113.61 971.00 132.02 1018.96 151.64 1018.96 70.00 995.64 74.18
6 222.02 490.20 266.50 469.13 266.50 462.62 234.77 434.62 228.42 435.31 202.14 468.38
5 854.56 948.05 829.12 927.15 801.67 957.64 834.84 984.17 845.13 981.03
5 125.04 27.55 157.89 51.61 181.50 42.79 181.50 -19.96 112.54 -19.96
5 110.31 942.20 102.56 955.57 117.05 971.26 128.77 967.62 130.93 936.31
6 381.40 427.01 397.58 426.07 404.12 390.92 400.55 387.66 379.26 388.51 371.33 398.82
4 101.04 595.32 89.47 620.40 107.52 637.61 164.73 601.86
6 157.72 756.57 156.97 749.48 125.11 745.60 108.82 787.23 122.55 807.83 138.32 795.37
5 141.33 976.93 128.77 967.62 117.05 971.26 80.96 1017.96 113.12 1017.96
7 610.57 716.57 641.80 704.08 660.26 690.02 657.10 683.69 609.76 677.12 599.41 682.29 603.63 713.58
5 477.42 10.00 478.64 -19.96 411.26 -19.96 417.72 -1.22 444.48 33.18
8 450.56 169.94 475.88 192.45 503.15 187.58 520.89 154.37 501.86 145.06 477.50 139.52 472.55 140.73 452.77 156.92
4 843.68 765.68 847.32 785.34 874.29 799.29 878.44 768.58
6 372.05 484.98 375.39 478.70 350.39 438.22 348.73 437.81 320.31 476.06 370.00 486.00
6 404.12 390.92 421.44 386.49 432.13 370.20 407.17 332.76 394.44 367.49 400.55 387.66
7 784.50 98.50 784.50 71.27 777.86 60.46 738.25 39.89 737.21 39.93 751.43 118.11 764.39 118.61
6 246.83 948.32 209.02 935.28 209.00 935.33 220.48 1017.96 266.80 1017.96 270.27 967.27
8 464.06 307.24 464.14 301.74 458.54 273.27 452.91 263.06 433.69 251.24 428.10 253.26 411.21 265.59 411.56 276.36
5 215.60 406.25 271.55 382.94 270.42 372.07 234.05 357.52 190.81 391.00
5 563.17 611.75 579.11 638.65 599.28 641.34 611.38 634.22 583.99 614.13
6 73.02 161.97 53.27 128.88 41.90 125.14 14.27 164.61 25.77 177.33 70.38 167.42
5 427.07 129.08 452.77 156.92 472.55 140.73 449.82 110.43 436.34 110.09
7 376.10 941.55 387.54 941.91 393.00 904.82 368.30 865.09 341.17 861.76 314.06 894.42 365.49 938.19
7 44.61 435.86 158.31 357.69 157.44 353.62 134.67 339.56 100.10 342.65 57.98 390.52 43.39 435.70
4 571.13 1016.55 501.39 973.94 490.72 1017.96 571.49 1017.96
5 16.19 30.19 31.97 41.61 33.84 40.58 80.25 -19.96 27.76 -19.96
5 327.47 95.41 334.05 115.14 353.86 112.31 373.95 80.49 329.94 60.80
6 574.46 570.46 567.61 573.83 557.60 608.36 563.17 611.75 583.99 614.13 609.28 605.28
4 320.31 476.06 318.56 477.43 349.60 506.40 370.00 486.00
6 383.71 149.32 353.86 112.31 334.05 115.14 285.77 160.93 286.03 161.45 330.09 180.12
8 327.68 696.31 315.85 688.88 281.00 698.76 274.25 701.08 269.10 712.20 295.07 769.59 301.81 769.51 325.10 736.73
5 910.00 903.69 894.37 901.29 886.02 938.40 902.54 982.45 910.00 973.75
5 949.56 648.55 948.84 613.67 927.65 607.61 912.16 606.55 905.02 649.38
7 381.95 541.61 364.64 539.23 338.93 590.64 343.13 594.03 373.58 588.62 382.58 579.09 382.69 576.44
6 562.11 973.33 543.42 965.50 499.48 965.50 501.39 973.94 571.13 1016.55 570.20 1005.25
5 266.50 462.62 283.41 430.79 278.25 411.65 274.99 406.89 234.77 434.62
6 784.50 71.27 784.50 98.50 845.86 115.55 852.72 103.50 855.29 80.42 817.25 60.04
6 1.53 957.25 15.02 835.78 13.00 830.84 -2.38 813.85 -18.96 812.62 -18.96 980.21
6 281.00 698.76 315.85 688.88 313.91 648.13 297.75 635.06 290.58 635.48 281.00 642.85
6 129.48 690.61 161.71 714.78 190.30 668.59 160.08 650.96 129.36 666.32 124.22 681.95
7 290.58 635.48 297.75 635.06 305.01 575.56 292.29 558.69 264.91 594.50 262.69 609.64 272.38 623.57
7 182.41 392.56 179.32 463.65 202.14 468.38 228.42 435.31 215.60 406.25 190.81 391.00 183.01 391.00
5 471.05 424.57 479.13 466.81 521.23 471.02 513.01 425.82 499.56 401.61
7 270.42 372.07 298.85 331.89 280.52 290.12 270.34 288.55 241.38 298.21 224.90 339.97 234.05 357.52
4 728.23 968.89 706.90 935.94 677.72 938.72 727.50 988.50
7 369.91 314.56 339.51 340.32 346.49 360.64 394.44 367.49 407.17 332.76 406.63 326.90 387.92 316.67
6 386.85 744.21 400.01 709.84 399.84 701.08 374.58 676.52 337.98 695.89 382.84 744.83
6 936.59 729.17 945.43 768.92 992.62 740.38 1010.63 722.37 975.58 701.70 938.07 719.95
5 583.97 744.17 555.84 746.51 568.35 784.04 587.25 768.29 586.10 750.30
6 738.48 837.76 718.00 806.70 658.48 845.66 684.29 895.99 728.83 890.33 745.47 874.20
8 684.06 519.31 673.08 536.87 668.35 548.12 675.68 566.45 716.15 581.76 745.72 571.22 747.70 566.50 726.20 499.64
6 477.42 10.00 444.48 33.18 444.54 36.64 444.87 36.98 486.39 55.25 498.12 34.85
5 292.00 953.01 313.40 894.51 276.89 881.06 268.19 913.38 288.82 954.63
4 479.31 321.57 481.06 323.72 529.16 299.67 516.55 269.43
6 620.05 652.26 660.58 657.32 663.00 651.97 649.57 622.29 618.03 634.12 617.75 634.41
5 105.37 688.34 49.26 680.32 57.63 718.37 84.12 739.41 87.02 737.90
7 421.29 183.60 450.56 169.94 452.77 156.92 427.07 129.08 398.16 138.94 388.66 149.59 400.79 169.16
5 674.42 701.91 650.42 734.37 684.94 754.51 691.31 717.21 682.67 704.25
7 407.17 332.76 432.13 370.20 491.79 357.30 481.06 323.72 479.31 321.57 464.27 308.34 406.63 326.90
6 874.44 364.50 873.64 365.73 888.00 388.70 949.37 378.88 948.40 358.02 897.77 344.59
6 770.70 552.13 747.70 566.50 745.72 571.22 785.59 620.04 796.49 613.54 804.77 568.03
6 985.56 777.44 989.79 791.21 1018.96 762.04 1018.96 722.30 1010.63 722.37 992.62 740.38
6 222.02 490.20 229.98 535.54 289.23 545.52 290.94 543.35 297.36 492.69 266.50 469.13
6 167.58 903.22 207.12 929.17 247.66 875.12 231.85 864.47 197.41 860.27 168.88 891.97
6 932.83 953.21 910.00 973.75 902.54 982.45 899.68 993.10 906.83 1017.96 983.19 1017.96
5 606.02 118.42 588.93 51.97 584.21 56.26 576.50 66.35 576.50 112.42
6 367.07 752.46 371.98 752.59 382.84 744.83 337.98 695.89 327.68 696.31 325.10 736.73
5 684.29 895.99 658.48 845.66 635.06 844.72 614.92 880.26 675.86 905.19
7 456.50 564.93 465.73 556.90 475.70 524.33 465.75 502.45 417.01 520.50 412.35 530.35 414.40 532.40
5 401.55 754.20 461.45 750.60 467.80 734.82 400.01 709.84 386.85 744.21
7 509.31 380.24 491.79 357.30 432.13 370.20 421.44 386.49 462.55 425.73 471.05 424.57 499.56 401.61
5 186.05 790.42 183.04 778.73 157.72 756.57 138.32 795.37 167.44 797.70
6 84.12 739.41 76.54 767.55 108.82 787.23 125.11 745.60 118.18 739.54 87.02 737.90
5 160.72 161.39 169.40 164.77 198.80 150.70 161.97 126.15 150.84 134.56
3 642.47 343.11 598.90 353.27 632.98 379.49
5 723.43 664.72 682.67 704.25 691.31 717.21 739.09 728.86 755.70 699.41
9 882.82 661.04 868.90 648.28 835.89 654.02 823.50 701.10 823.50 725.31 866.08 715.17 882.10 699.88 882.83 697.13 883.18 692.02
5 244.56 61.26 259.67 145.21 274.55 151.43 294.50 89.92 294.50 66.93
5 327.47 95.41 294.50 89.92 274.55 151.43 285.77 160.93 334.05 115.14
8 508.69 879.71 542.76 836.92 542.62 834.63 481.60 805.25 469.55 829.86 468.07 865.40 496.44 880.64 503.02 882.66
6 586.53 728.83 543.00 706.31 526.72 734.94 530.87 742.67 555.84 746.51 583.97 744.17
5 412.70 1017.96 442.78 1017.96 484.55 946.72 446.83 933.52 398.62 951.05
6 412.35 530.35 393.66 533.60 381.95 541.61 382.69 576.44 410.54 567.15 414.40 532.40
6 825.29 844.71 889.11 836.31 894.87 827.34 895.68 822.68 875.61 802.16 817.19 822.61
6 956.90 654.82 991.85 636.01 974.26 578.83 970.21 582.00 948.84 613.67 949.56 648.55
4 576.50 112.42 576.50 66.35 551.52 93.25 558.35 109.65
4 394.62 233.18 408.89 264.56 411.21 265.59 428.10 253.26
6 431.08 218.99 420.77 210.27 388.11 225.79 394.62 233.18 428.10 253.26 433.69 251.24
5 13.00 830.84 15.02 835.78 65.23 894.35 70.03 890.55 56.14 836.72
7 241.23 785.39 238.90 801.70 268.41 858.62 280.50 841.70 280.50 799.72 276.43 782.52 241.96 784.95
8 129.36 666.32 107.52 637.61 89.47 620.40 69.02 627.12 44.91 676.19 49.26 680.32 105.37 688.34 124.22 681.95
7 824.62 345.17 832.42 306.87 809.94 301.88 757.56 336.79 759.88 348.38 767.36 353.68 817.20 350.50
5 852.13 157.51 845.86 115.55 784.50 98.50 764.39 118.61 788.09 174.90
4 738.62 939.30 728.68 894.56 706.90 935.94 728.23 968.89
6 888.00 394.50 888.00 388.70 873.64 365.73 862.61 367.97 832.69 409.11 840.76 418.12
4 657.10 683.69 660.58 657.32 620.05 652.26 609.76 677.12
5 624.66 284.42 629.77 278.11 616.40 250.54 578.92 236.36 573.33 260.73
8 529.16 299.67 481.06 323.72 491.79 357.30 509.31 380.24 515.39 379.50 554.13 314.13 554.24 309.28 546.18 297.49
6 97.76 253.39 102.44 235.43 95.05 222.07 68.55 186.35 17.40 241.02 91.78 253.22
5 231.85 864.47 220.75 825.62 208.77 826.02 189.28 839.94 197.41 860.27
6 999.77 837.76 978.75 830.19 937.52 856.16 959.60 884.27 1018.96 875.58 1018.96 847.84
7 424.32 803.59 405.30 802.84 391.53 813.46 395.15 841.39 406.11 847.81 420.08 841.82 432.56 824.66
4 878.26 571.75 893.24 581.33 899.93 534.50 882.18 534.50
4 599.28 641.34 579.11 638.65 580.58 675.54 593.00 679.03
6 935.45 856.32 914.75 903.94 919.06 905.65 936.00 900.00 959.60 884.27 937.52 856.16
7 599.28 641.34 593.00 679.03 599.41 682.29 609.76 677.12 620.05 652.26 617.75 634.41 611.38 634.22
5 853.23 255.68 875.25 224.85 856.45 199.17 835.62 217.84 831.95 245.35
6 945.43 768.92 934.95 780.73 934.40 795.11 954.78 808.22 985.56 777.44 992.62 740.38
5 742.19 119.09 689.68 87.38 654.26 135.80 671.60 158.80 707.97 178.59
6 588.93 51.97 606.02 118.42 608.28 119.98 660.94 1.51 649.24 -19.96 605.94 -19.96
7 860.25 294.25 863.08 285.23 853.23 255.68 831.95 245.35 815.16 250.95 834.30 305.66 848.43 301.34
5 40.19 568.96 23.90 588.31 32.24 600.02 44.93 607.96 74.12 571.47
6 401.41 289.68 387.92 316.67 406.63 326.90 464.27 308.34 464.06 307.24 411.56 276.36
6 838.62 576.19 843.83 520.24 841.97 518.90 808.90 508.16 799.79 522.32 815.24 565.56
5 122.16 901.35 142.88 912.48 167.58 903.22 168.88 891.97 145.29 843.53
9 179.32 463.65 158.93 470.68 181.67 556.60 187.30 563.51 189.71 565.30 192.21 564.85 229.98 535.54 222.02 490.20 202.14 468.38
7 486.39 55.25 444.87 36.98 454.20 74.30 469.44 78.11 476.11 73.92 482.45 67.14 486.44 56.42
5 751.43 118.11 737.21 39.93 687.56 35.02 689.68 87.38 742.19 119.09
8 206.00 738.48 206.00 758.22 240.83 785.31 241.23 785.39 241.96 784.95 240.42 726.54 234.17 724.94 216.62 730.79
7 611.00 938.40 611.00 923.35 593.39 907.40 573.87 920.87 562.11 973.33 570.20 1005.25 599.76 967.62
4 661.00 788.00 678.29 779.35 635.53 755.30 620.52 774.51
6 297.36 492.69 290.94 543.35 345.40 530.93 349.60 506.40 318.56 477.43 312.12 479.50
7 899.93 534.50 927.08 527.59 932.44 523.78 894.41 481.81 853.33 521.03 869.59 529.81 882.18 534.50
10 573.33 260.73 578.92 236.36 574.24 221.07 571.71 220.28 522.77 225.25 512.81 241.07 513.96 248.08 518.89 257.27 552.66 276.04 572.71 262.01
8 864.15 573.32 840.77 582.50 838.67 595.90 861.97 617.13 899.91 590.21 899.93 590.06 893.24 581.33 878.26 571.75
8 894.45 229.85 939.42 213.41 941.03 207.37 936.09 191.51 909.23 161.23 855.87 160.58 856.45 199.17 875.25 224.85
6 656.69 980.79 666.28 958.86 664.86 953.35 645.31 952.84 638.68 964.67 649.78 983.70
8 108.82 787.23 76.54 767.55 46.26 782.42 45.30 784.57 66.52 815.97 117.93 827.83 120.06 826.40 122.55 807.83
4 972.97 323.40 966.40 269.18 939.08 319.26 954.08 346.88
4 167.69 270.92 187.96 295.99 219.61 291.38 215.29 258.22
6 571.62 376.81 615.87 398.93 634.05 384.51 632.98 379.49 598.90 353.27 589.64 352.63
9 626.12 311.86 652.39 334.84 663.40 334.52 674.69 327.17 679.55 296.06 665.14 271.74 629.77 278.11 624.66 284.42 622.81 288.65
7 192.74 801.10 208.77 826.02 220.75 825.62 238.90 801.70 241.23 785.39 240.83 785.31 193.17 796.20
6 843.83 520.24 853.33 521.03 894.41 481.81 893.95 478.33 858.98 473.56 841.97 518.90
7 209.02 935.28 246.83 948.32 268.19 913.38 276.89 881.06 265.31 872.00 247.66 875.12 207.12 929.17
7 811.98 803.01 793.46 767.35 745.73 771.99 717.95 804.26 718.00 806.70 738.48 837.76 812.63 816.85
3 835.89 654.02 803.59 645.35 823.50 701.10
6 -18.96 724.89 -18.96 812.62 -2.38 813.85 45.30 784.57 46.26 782.42 28.44 747.56
4 272.38 623.57 262.69 609.64 231.65 625.90 228.79 649.72
7 228.40 651.09 228.59 657.78 244.82 665.11 281.00 642.85 290.58 635.48 272.38 623.57 228.79 649.72
7 531.84 525.69 542.37 512.08 548.28 490.53 544.44 483.71 522.19 472.32 500.46 492.61 513.02 519.00
6 635.53 755.30 634.31 746.59 586.10 750.30 587.25 768.29 615.16 780.45 620.52 774.51
5 118.18 739.54 129.48 690.61 124.22 681.95 105.37 688.34 87.02 737.90
6 270.27 967.27 266.80 1017.96 326.33 1017.96 328.69 1002.90 328.60 1002.60 284.02 958.02
4 305.82 819.42 290.22 838.14 336.56 840.45 340.12 810.39
5 276.43 782.52 295.07 769.59 269.10 712.20 240.42 726.54 241.96 784.95
5 819.05 406.06 832.69 409.11 862.61 367.97 824.62 345.17 817.20 350.50
4 280.50 841.70 290.22 838.14 305.82 819.42 280.50 799.72
5 717.60 421.06 722.00 428.75 762.78 464.44 753.51 414.38 727.01 407.09
5 950.11 941.26 970.57 952.56 1018.96 899.77 1018.96 893.47 967.60 915.80
8 677.33 401.71 660.16 390.72 658.76 391.38 642.93 445.89 658.60 454.50 659.70 454.50 685.34 440.26 690.91 432.94
6 618.03 634.12 649.57 622.29 651.24 615.35 649.73 594.17 626.09 589.73 611.55 604.99
7 727.50 988.50 677.72 938.72 677.44 938.61 664.86 953.35 666.28 958.86 716.05 1017.96 733.39 1017.96
5 1.56 164.23 -18.96 158.95 -18.96 259.56 9.76 242.81 14.42 215.66
6 41.90 125.14 9.67 101.10 -18.96 104.18 -18.96 158.95 1.56 164.23 14.27 164.61
4 158.93 470.68 128.84 469.07 124.84 524.12 181.67 556.60
5 663.00 651.97 708.63 642.19 707.30 621.95 651.24 615.35 649.57 622.29
5 297.20 439.69 343.46 431.28 338.31 416.88 278.25 411.65 283.41 430.79
8 336.56 840.45 341.17 861.76 368.30 865.09 395.15 841.39 391.53 813.46 359.26 803.48 340.69 808.99 340.12 810.39
7 587.25 768.29 568.35 784.04 555.71 797.43 554.70 816.00 621.17 816.00 622.22 811.27 615.16 780.45
7 848.43 301.34 834.30 305.66 832.42 306.87 824.62 345.17 862.61 367.97 873.64 365.73 874.44 364.50
4 131.08 96.38 99.48 102.96 118.14 140.27 138.40 132.98
5 482.45 67.14 476.11 73.92 495.25 102.62 508.32 97.96 510.34 92.89
6 805.06 -1.49 821.10 34.30 823.26 36.85 882.92 34.80 886.17 -19.96 807.48 -19.96
6 504.84 658.60 520.27 665.86 527.20 665.50 544.45 615.40 512.50 600.70 498.72 603.46
6 183.04 778.73 186.05 790.42 193.17 796.20 240.83 785.31 206.00 758.22 204.25 758.94
9 530.47 137.53 524.53 152.74 537.44 159.81 605.49 157.92 619.74 135.12 608.28 119.98 606.02 118.42 576.50 112.42 558.35 109.65
5 900.14 432.93 888.00 394.50 840.76 418.12 851.39 436.63 897.49 437.48
6 128.77 967.62 141.33 976.93 166.14 979.54 168.08 975.08 138.04 927.53 130.93 936.31
7 446.83 933.52 484.55 946.72 486.13 946.55 499.54 931.39 503.02 882.66 496.44 880.64 448.67 919.72
5 410.54 567.15 415.36 586.45 452.32 598.77 456.50 564.93 414.40 532.40
6 70.38 167.42 25.77 177.33 14.42 215.66 9.76 242.81 17.40 241.02 68.55 186.35
6 406.11 847.81 423.37 876.29 442.74 877.02 450.94 871.21 436.63 844.37 420.08 841.82
5 959.60 884.27 936.00 900.00 967.60 915.80 1018.96 893.47 1018.96 875.58
6 548.28 490.53 596.05 483.57 597.92 478.38 576.50 448.15 550.91 461.69 544.44 483.71
4 161.97 126.15 198.80 150.70 217.30 150.22 172.35 109.77
7 142.88 912.48 138.04 927.53 168.08 975.08 209.00 935.33 209.02 935.28 207.12 929.17 167.58 903.22
6 817.25 60.04 855.29 80.42 874.08 50.66 883.08 35.50 882.92 34.80 823.26 36.85
5 518.58 933.20 543.42 965.50 562.11 973.33 573.87 920.87 566.49 919.72
8 668.60 375.11 663.40 334.52 652.39 334.84 642.47 343.11 632.98 379.49 634.05 384.51 658.76 391.38 660.16 390.72
6 727.01 407.09 753.51 414.38 784.46 400.23 767.36 353.68 759.88 348.38 722.53 378.72
5 878.12 103.50 896.43 95.36 874.08 50.66 855.29 80.42 852.72 103.50
4 420.08 841.82 436.63 844.37 441.72 831.13 432.56 824.66
4 656.69 980.79 649.78 983.70 629.22 1017.96 712.44 1017.96
6 733.68 489.57 722.00 471.13 685.34 440.26 659.70 454.50 671.54 467.65 726.52 498.73
5 899.68 993.10 902.54 982.45 886.02 938.40 858.08 949.04 880.96 984.39
10 622.22 811.27 621.17 816.00 634.26 843.50 635.06 844.72 658.48 845.66 718.00 806.70 717.95 804.26 687.59 779.97 678.29 779.35 661.00 788.00
7 660.94 1.51 687.56 35.02 737.21 39.93 738.25 39.89 745.75 31.56 774.60 -19.96 649.24 -19.96
4 27.76 -19.96 -18.96 -19.96 -18.96 24.88 16.19 30.19
5 660.26 690.02 641.80 704.08 637.10 741.72 650.42 734.37 674.42 701.91
4 989.79 791.21 999.77 837.76 1018.96 847.84 1018.96 762.04
5 400.55 387.66 394.44 367.49 346.49 360.64 346.54 362.33 379.26 388.51
6 107.52 637.61 129.36 666.32 160.08 650.96 169.52 605.30 169.23 601.76 164.73 601.86
6 803.59 645.35 793.64 639.94 775.33 696.09 823.48 725.32 823.50 725.31 823.50 701.10
4 869.59 529.81 864.15 573.32 878.26 571.75 882.18 534.50
9 708.63 642.19 663.00 651.97 660.58 657.32 657.10 683.69 660.26 690.02 674.42 701.91 682.67 704.25 723.43 664.72 722.82 658.23
6 882.10 699.88 866.08 715.17 883.74 757.35 917.30 764.06 916.65 746.62 901.13 712.12
6 55.84 906.96 1.53 957.25 -18.96 980.21 -18.96 987.27 102.56 955.57 110.31 942.20
8 231.65 625.90 219.58 594.50 192.21 564.85 189.71 565.30 169.23 601.76 169.52 605.30 228.40 651.09 228.79 649.72
6 550.91 461.69 546.86 447.20 513.01 425.82 521.23 471.02 522.19 472.32 544.44 483.71
7 755.70 699.41 739.09 728.86 745.73 771.99 793.46 767.35 821.99 729.95 823.48 725.32 775.33 696.09
6 467.80 734.82 469.70 731.99 469.17 720.89 444.99 676.57 399.84 701.08 400.01 709.84
5 950.11 941.26 967.60 915.80 936.00 900.00 919.06 905.65 941.05 940.33
6 804.77 568.03 796.49 613.54 838.67 595.90 840.77 582.50 838.62 576.19 815.24 565.56
7 512.50 600.70 512.50 559.29 465.73 556.90 456.50 564.93 452.32 598.77 453.71 604.34 498.72 603.46
5 102.56 955.57 -18.96 987.27 -18.96 1017.96 80.96 1017.96 117.05 971.26
6 966.40 269.18 966.63 264.21 953.38 255.82 925.08 277.20 919.31 300.27 939.08 319.26
6 134.67 339.56 133.34 275.92 104.34 263.26 87.29 298.99 87.73 318.99 100.10 342.65
5 576.50 66.35 584.21 56.26 546.33 68.89 548.54 90.17 551.52 93.25
3 611.00 938.40 599.76 967.62 618.67 964.47
5 709.54 378.38 668.60 375.11 660.16 390.72 677.33 401.71 691.37 395.16
5 679.55 296.06 674.69 327.17 685.69 331.94 726.74 325.91 705.70 289.83
8 932.44 523.78 927.08 527.59 915.39 577.69 931.92 582.00 970.21 582.00 974.26 578.83 987.57 558.40 938.19 523.02
5 936.09 191.51 941.03 207.37 1018.96 195.82 1018.96 171.88 967.88 158.55
5 66.52 815.97 45.30 784.57 -2.38 813.85 13.00 830.84 56.14 836.72
7 229.32 28.13 181.50 42.79 157.89 51.61 158.13 53.66 177.63 93.29 201.54 99.01 244.06 60.74
4 160.25 361.94 99.72 447.69 182.41 392.56 183.01 391.00
7 339.43 396.70 338.31 416.88 343.46 431.28 348.73 437.81 350.39 438.22 381.40 427.01 371.33 398.82
7 24.02 302.74 47.80 297.20 91.78 253.22 17.40 241.02 9.76 242.81 -18.96 259.56 -18.96 277.62
4 666.28 958.86 656.69 980.79 712.44 1017.96 716.05 1017.96
10 808.90 508.16 796.59 483.85 783.22 474.30 767.20 473.05 733.68 489.57 726.52 498.73 726.20 499.64 747.70 566.50 770.70 552.13 799.79 522.32
5 452.91 263.06 470.10 227.24 465.04 215.22 431.08 218.99 433.69 251.24
6 616.40 250.54 632.12 236.32 622.29 205.40 600.71 195.60 574.24 221.07 578.92 236.36
7 464.27 308.34 479.31 321.57 516.55 269.43 518.89 257.27 513.96 248.08 464.14 301.74 464.06 307.24
4 274.25 701.08 281.00 698.76 281.00 642.85 244.82 665.11
5 187.96 295.99 181.47 331.06 224.90 339.97 241.38 298.21 219.61 291.38
6 53.27 128.88 85.72 94.63 85.20 78.84 31.14 67.01 9.67 101.10 41.90 125.14
6 425.85 86.90 407.65 75.03 392.10 76.36 398.16 138.94 427.07 129.08 436.34 110.09
4 883.18 692.02 882.83 697.13 966.68 687.81 960.46 669.94
5 124.84 524.12 97.11 549.00 98.37 566.80 187.30 563.51 181.67 556.60
5 972.97 323.40 954.08 346.88 953.57 349.64 1018.96 355.96 1018.96 313.45
6 983.19 1017.96 993.82 1017.96 970.57 952.56 950.11 941.26 941.05 940.33 932.83 953.21
6 419.33 57.50 407.07 28.06 382.37 47.06 389.14 75.35 392.10 76.36 407.65 75.03
6 658.76 391.38 634.05 384.51 615.87 398.93 621.53 432.12 633.19 444.92 642.93 445.89
7 16.66 448.04 43.39 435.70 57.98 390.52 38.40 321.23 24.02 302.74 -18.96 277.62 -18.96 448.38
4 634.66 743.68 637.10 741.72 641.80 704.08 610.57 716.57
6 501.39 973.94 499.48 965.50 486.13 946.55 484.55 946.72 442.78 1017.96 490.72 1017.96
6 243.53 145.85 201.54 99.01 177.63 93.29 172.35 109.77 217.30 150.22 229.12 152.19
8 394.62 233.18 388.11 225.79 361.38 226.76 358.72 227.58 349.87 252.38 351.85 255.39 385.71 263.51 408.89 264.56
5 404.12 390.92 397.58 426.07 421.62 447.93 462.55 425.73 421.44 386.49
8 858.08 949.04 886.02 938.40 894.37 901.29 884.47 893.83 851.24 898.32 829.19 926.83 829.12 927.15 854.56 948.05
7 546.33 68.89 584.21 56.26 588.93 51.97 605.94 -19.96 579.60 -19.96 537.07 26.74 535.81 46.09
6 596.05 483.57 548.28 490.53 542.37 512.08 606.38 536.08 612.76 529.59 612.90 518.57
7 479.13 466.81 471.05 424.57 462.55 425.73 421.62 447.93 417.78 466.38 466.91 493.48 474.60 485.37
4 171.33 725.33 206.00 738.48 216.62 730.79 197.71 706.49
5 750.56 273.75 746.05 264.47 705.70 289.83 726.74 325.91 753.40 330.46
5 209.00 935.33 168.08 975.08 166.14 979.54 176.25 1017.96 220.48 1017.96
5 521.23 471.02 479.13 466.81 474.60 485.37 500.46 492.61 522.19 472.32
6 373.95 80.49 389.14 75.35 382.37 47.06 348.33 -4.00 319.55 47.81 329.94 60.80
4 805.06 -1.49 796.07 12.20 786.06 45.98 821.10 34.30
8 234.17 724.94 240.42 726.54 269.10 712.20 274.25 701.08 244.82 665.11 228.59 657.78 209.94 670.85 210.23 685.04
5 757.56 336.79 809.94 301.88 798.55 289.23 750.56 273.75 753.40 330.46
6 956.90 654.82 949.56 648.55 905.02 649.38 882.82 661.04 883.18 692.02 960.46 669.94
5 343.13 594.03 344.72 630.62 361.20 638.14 385.42 618.76 373.58 588.62
6 398.62 951.05 387.54 941.91 376.10 941.55 328.69 1002.90 326.33 1017.96 412.70 1017.96
7 441.72 831.13 469.55 829.86 481.60 805.25 476.58 792.69 467.09 782.20 424.32 803.59 432.56 824.66
6 400.79 169.16 388.66 149.59 383.71 149.32 330.09 180.12 358.72 227.58 361.38 226.76
5 626.09 589.73 596.11 557.61 574.46 570.46 609.28 605.28 611.55 604.99
5 382.58 579.09 373.58 588.62 385.42 618.76 401.82 622.41 397.64 584.74
4 971.00 132.02 967.88 158.55 1018.96 171.88 1018.96 151.64
5 978.75 830.19 999.77 837.76 989.79 791.21 985.56 777.44 954.78 808.22
7 125.11 745.60 156.97 749.48 158.34 747.46 167.46 725.64 161.71 714.78 129.48 690.61 118.18 739.54
5 382.69 576.44 382.58 579.09 397.64 584.74 415.36 586.45 410.54 567.15
6 853.33 521.03 843.83 520.24 838.62 576.19 840.77 582.50 864.15 573.32 869.59 529.81
5 158.31 357.69 44.61 435.86 98.64 448.70 99.72 447.69 160.25 361.94
6 240.92 1.60 229.32 28.13 244.06 60.74 244.56 61.26 294.50 66.93 319.09 47.93
7 401.82 622.41 431.62 636.10 444.36 635.40 453.71 604.34 452.32 598.77 415.36 586.45 397.64 584.74
6 963.29 113.61 982.12 80.79 923.86 61.00 919.16 61.00 913.51 89.97 925.02 126.61
4 25.77 177.33 14.27 164.61 1.56 164.23 14.42 215.66
5 448.67 919.72 496.44 880.64 468.07 865.40 450.94 871.21 442.74 877.02
4 615.16 780.45 622.22 811.27 661.00 788.00 620.52 774.51
5 361.20 638.14 376.59 668.20 431.62 636.10 401.82 622.41 385.42 618.76
4 458.54 273.27 499.19 240.75 470.10 227.24 452.91 263.06
4 982.12 80.79 995.64 74.18 954.22 18.96 923.86 61.00
7 566.49 919.72 573.87 920.87 593.39 907.40 595.07 898.34 549.76 843.50 542.76 836.92 508.69 879.71
8 874.29 799.29 875.61 802.16 895.68 822.68 934.40 795.11 934.95 780.73 917.30 764.06 883.74 757.35 878.44 768.58
7 104.34 263.26 133.34 275.92 164.53 268.35 178.05 220.61 138.01 204.30 102.44 235.43 97.76 253.39
6 783.22 474.30 800.57 410.26 784.46 400.23 753.51 414.38 762.78 464.44 767.20 473.05
4 916.65 746.62 936.59 729.17 938.07 719.95 901.13 712.12
6 882.83 697.13 882.10 699.88 901.13 712.12 938.07 719.95 975.58 701.70 966.68 687.81
5 546.86 447.20 550.91 461.69 576.50 448.15 576.50 426.82 571.09 420.94
4 970.21 582.00 931.92 582.00 927.65 607.61 948.84 613.67
4 100.10 342.65 87.73 318.99 38.40 321.23 57.98 390.52
5 649.78 983.70 638.68 964.67 624.74 973.30 609.34 1017.96 629.22 1017.96
6 476.58 792.69 481.60 805.25 542.62 834.63 554.70 816.00 555.71 797.43 532.38 767.89
7 512.81 241.07 522.77 225.25 503.15 187.58 475.88 192.45 465.04 215.22 470.10 227.24 499.19 240.75
4 774.19 880.99 829.19 926.83 851.24 898.32 821.61 859.70
7 589.54 349.54 589.64 352.63 598.90 353.27 642.47 343.11 652.39 334.84 626.12 311.86 596.03 328.06
6 425.85 86.90 454.20 74.30 444.87 36.98 444.54 36.64 419.33 57.50 407.65 75.03
6 117.93 827.83 84.33 885.14 122.16 901.35 145.29 843.53 143.48 838.86 120.06 826.40
8 796.59 483.85 846.55 447.77 851.39 436.63 840.76 418.12 832.69 409.11 819.05 406.06 800.57 410.26 783.22 474.30
8 349.87 252.38 317.48 260.81 281.88 288.43 280.52 290.12 298.85 331.89 339.51 340.32 369.91 314.56 351.85 255.39
6 417.01 520.50 415.86 468.81 375.39 478.70 372.05 484.98 393.66 533.60 412.35 530.35
7 835.62 217.84 856.45 199.17 855.87 160.58 852.13 157.51 788.09 174.90 785.31 179.49 794.05 211.19
5 762.78 464.44 722.00 428.75 722.00 471.13 733.68 489.57 767.20 473.05
7 624.74 973.30 618.67 964.47 599.76 967.62 570.20 1005.25 571.13 1016.55 571.49 1017.96 609.34 1017.96
7 894.41 481.81 932.44 523.78 938.19 523.02 953.67 484.33 956.29 473.84 901.74 452.35 893.95 478.33
4 281.88 288.43 317.48 260.81 277.00 190.63 270.35 200.03
6 9.67 101.10 31.14 67.01 31.97 41.61 16.19 30.19 -18.96 24.88 -18.96 104.18
7 622.29 205.40 649.02 203.96 671.60 158.80 654.26 135.80 619.74 135.12 605.49 157.92 600.71 195.60
6 238.90 801.70 220.75 825.62 231.85 864.47 247.66 875.12 265.31 872.00 268.41 858.62
5 549.76 843.50 595.07 898.34 614.92 880.26 635.06 844.72 634.26 843.50
7 423.37 876.29 393.00 904.82 387.54 941.91 398.62 951.05 446.83 933.52 448.67 919.72 442.74 877.02
5 707.30 621.95 716.15 581.76 675.68 566.45 649.73 594.17 651.24 615.35
4 998.78 506.89 967.12 462.57 956.29 473.84 953.67 484.33
4 691.37 395.16 677.33 401.71 690.91 432.94 703.83 426.33
6 786.06 45.98 777.86 60.46 784.50 71.27 817.25 60.04 823.26 36.85 821.10 34.30
6 932.83 953.21 941.05 940.33 919.06 905.65 914.75 903.94 910.00 903.69 910.00 973.75
5 530.87 742.67 532.38 767.89 555.71 797.43 568.35 784.04 555.84 746.51
5 834.84 984.17 801.67 957.64 796.94 958.94 748.92 1017.96 833.98 1017.96
8 678.29 779.35 687.59 779.97 684.94 754.51 650.42 734.37 637.10 741.72 634.66 743.68 634.31 746.59 635.53 755.30
5 917.30 764.06 934.95 780.73 945.43 768.92 936.59 729.17 916.65 746.62
6 312.12 479.50 318.56 477.43 320.31 476.06 348.73 437.81 343.46 431.28 297.20 439.69
5 47.80 297.20 87.29 298.99 104.34 263.26 97.76 253.39 91.78 253.22
9 138.04 927.53 142.88 912.48 122.16 901.35 84.33 885.14 70.03 890.55 65.23 894.35 55.84 906.96 110.31 942.20 130.93 936.31
5 767.36 353.68 784.46 400.23 800.57 410.26 819.05 406.06 817.20 350.50
7 508.32 97.96 530.47 137.53 558.35 109.65 551.52 93.25 548.54 90.17 519.26 85.29 510.34 92.89
5 411.21 265.59 408.89 264.56 385.71 263.51 401.41 289.68 411.56 276.36
5 821.61 859.70 851.24 898.32 884.47 893.83 889.11 836.31 825.29 844.71
7 401.55 754.20 386.85 744.21 382.84 744.83 371.98 752.59 359.26 803.48 391.53 813.46 405.30 802.84
7 161.97 126.15 172.35 109.77 177.63 93.29 158.13 53.66 131.08 96.38 138.40 132.98 150.84 134.56
5 467.09 782.20 461.45 750.60 401.55 754.20 405.30 802.84 424.32 803.59
5 621.33 926.86 645.31 952.84 664.86 953.35 677.44 938.61 673.10 912.58
5 314.96 778.52 340.69 808.99 359.26 803.48 371.98 752.59 367.07 752.46
5 878.12 103.50 923.96 127.94 925.02 126.61 913.51 89.97 896.43 95.36
7 889.11 836.31 884.47 893.83 894.37 901.29 910.00 903.69 914.75 903.94 935.45 856.32 894.87 827.34
6 817.19 822.61 875.61 802.16 874.29 799.29 847.32 785.34 811.98 803.01 812.63 816.85
5 316.73 961.05 365.49 938.19 314.06 894.42 313.40 894.51 292.00 953.01
5 28.44 747.56 46.26 782.42 76.54 767.55 84.12 739.41 57.63 718.37
6 716.05 376.67 685.69 331.94 674.69 327.17 663.40 334.52 668.60 375.11 709.54 378.38
6 98.37 566.80 97.11 549.00 47.74 508.60 40.19 568.96 74.12 571.47 97.63 569.20
5 288.82 954.63 268.19 913.38 246.83 948.32 270.27 967.27 284.02 958.02
5 499.54 931.39 518.58 933.20 566.49 919.72 508.69 879.71 503.02 882.66
5 466.91 493.48 417.78 466.38 415.86 468.81 417.01 520.50 465.75 502.45
6 571.71 220.28 537.44 159.81 524.53 152.74 520.89 154.37 503.15 187.58 522.77 225.25
6 952.67 406.66 954.62 393.75 949.37 378.88 888.00 388.70 888.00 394.50 900.14 432.93
5 987.57 558.40 974.26 578.83 991.85 636.01 1018.96 638.89 1018.96 553.26
6 953.57 349.64 948.40 358.02 949.37 378.88 954.62 393.75 1018.96 387.62 1018.96 355.96
6 880.96 984.39 845.13 981.03 834.84 984.17 833.98 1017.96 906.83 1017.96 899.68 993.10
8 128.84 469.07 98.64 448.70 44.61 435.86 43.39 435.70 16.66 448.04 47.74 508.60 97.11 549.00 124.84 524.12
5 217.30 150.22 198.80 150.70 169.40 164.77 192.09 208.41 229.12 152.19
6 684.94 754.51 687.59 779.97 717.95 804.26 745.73 771.99 739.09 728.86 691.31 717.21
8 131.08 96.38 158.13 53.66 157.89 51.61 125.04 27.55 102.08 48.45 85.20 78.84 85.72 94.63 99.48 102.96
5 915.39 577.69 927.08 527.59 899.93 534.50 893.24 581.33 899.93 590.06
4 166.14 979.54 141.33 976.93 113.12 1017.96 176.25 1017.96
6 138.32 795.37 122.55 807.83 120.06 826.40 143.48 838.86 173.59 831.50 167.44 797.70
5 33.84 40.58 102.08 48.45 125.04 27.55 112.54 -19.96 80.25 -19.96
6 227.18 231.48 190.97 213.70 178.05 220.61 164.53 268.35 167.69 270.92 215.29 258.22
5 513.96 248.08 512.81 241.07 499.19 240.75 458.54 273.27 464.14 301.74
6 552.66 276.04 546.18 297.49 554.24 309.28 585.53 304.64 589.14 296.14 572.71 262.01
5 -6.42 677.34 32.24 600.02 23.90 588.31 -18.96 579.61 -18.96 680.35
6 806.47 249.63 815.16 250.95 831.95 245.35 835.62 217.84 794.05 211.19 789.47 238.69
4 174.50 831.50 189.28 839.94 208.77 826.02 192.74 801.10
6 535.81 46.09 537.07 26.74 498.12 34.85 486.39 55.25 486.44 56.42 517.66 70.29
6 938.19 523.02 987.57 558.40 1018.96 553.26 1018.96 523.97 998.78 506.89 953.67 484.33
5 745.75 31.56 796.07 12.20 805.06 -1.49 807.48 -19.96 774.60 -19.96
6 319.55 47.81 319.09 47.93 294.50 66.93 294.50 89.92 327.47 95.41 329.94 60.80
9 268.41 858.62 265.31 872.00 276.89 881.06 313.40 894.51 314.06 894.42 341.17 861.76 336.56 840.45 290.22 838.14 280.50 841.70
5 38.40 321.23 87.73 318.99 87.29 298.99 47.80 297.20 24.02 302.74
8 658.60 454.50 642.93 445.89 633.19 444.92 597.92 478.38 596.05 483.57 612.90 518.57 645.02 494.78 650.06 487.83
5 181.50 42.79 229.32 28.13 240.92 1.60 243.81 -19.96 181.50 -19.96
6 167.46 725.64 158.34 747.46 204.25 758.94 206.00 758.22 206.00 738.48 171.33 725.33
7 527.20 665.50 520.27 665.86 469.17 720.89 469.70 731.99 526.72 734.94 543.00 706.31 543.00 681.58
6 941.03 207.37 939.42 213.41 953.38 255.82 966.63 264.21 1018.96 264.93 1018.96 195.82
8 679.55 296.06 705.70 289.83 746.05 264.47 746.09 261.66 715.47 221.86 674.42 240.24 673.99 240.80 665.14 271.74
7 338.93 590.64 364.64 539.23 345.40 530.93 290.94 543.35 289.23 545.52 292.29 558.69 305.01 575.56
5 516.55 269.43 529.16 299.67 546.18 297.49 552.66 276.04 518.89 257.27
7 28.44 747.56 57.63 718.37 49.26 680.32 44.91 676.19 -6.42 677.34 -18.96 680.35 -18.96 724.89
7 649.73 594.17 675.68 566.45 668.35 548.12 612.76 529.59 606.38 536.08 596.11 557.61 626.09 589.73
5 892.83 314.98 860.25 294.25 848.43 301.34 874.44 364.50 897.77 344.59
5 328.69 1002.90 376.10 941.55 365.49 938.19 316.73 961.05 328.60 1002.60
6 173.59 831.50 174.50 831.50 192.74 801.10 193.17 796.20 186.05 790.42 167.44 797.70
4 478.99 108.18 477.50 139.52 501.86 145.06 492.60 104.92
7 845.86 115.55 852.13 157.51 855.87 160.58 909.23 161.23 923.96 127.94 878.12 103.50 852.72 103.50
5 671.54 467.65 683.42 518.15 684.06 519.31 726.20 499.64 726.52 498.73
6 417.72 -1.22 411.26 -19.96 350.11 -19.96 348.33 -4.00 382.37 47.06 407.07 28.06
5 585.53 304.64 596.03 328.06 626.12 311.86 622.81 288.65 589.14 296.14
5 436.63 844.37 450.94 871.21 468.07 865.40 469.55 829.86 441.72 831.13
7 169.23 601.76 189.71 565.30 187.30 563.51 98.37 566.80 97.63 569.20 101.04 595.32 164.73 601.86
5 629.77 278.11 665.14 271.74 673.99 240.80 632.12 236.32 616.40 250.54
5 954.62 393.75 952.67 406.66 976.93 449.64 1018.96 451.76 1018.96 387.62
7 532.85 543.12 567.61 573.83 574.46 570.46 596.11 557.61 606.38 536.08 542.37 512.08 531.84 525.69
7 178.05 220.61 190.97 213.70 192.09 208.41 169.40 164.77 160.72 161.39 134.50 190.00 138.01 204.30
5 519.26 85.29 517.66 70.29 486.44 56.42 482.45 67.14 510.34 92.89
5 388.11 225.79 420.77 210.27 421.29 183.60 400.79 169.16 361.38 226.76
5 925.08 277.20 953.38 255.82 939.42 213.41 894.45 229.85 892.09 267.50
4 799.79 522.32 770.70 552.13 804.77 568.03 815.24 565.56
6 292.29 558.69 289.23 545.52 229.98 535.54 192.21 564.85 219.58 594.50 264.91 594.50
7 882.92 34.80 883.08 35.50 919.16 61.00 923.86 61.00 954.22 18.96 949.59 -19.96 886.17 -19.96
7 398.16 138.94 392.10 76.36 389.14 75.35 373.95 80.49 353.86 112.31 383.71 149.32 388.66 149.59
4 264.91 594.50 219.58 594.50 231.65 625.90 262.69 609.64
6 330.09 180.12 286.03 161.45 277.00 190.63 317.48 260.81 349.87 252.38 358.72 227.58
5 467.17 100.79 449.82 110.43 472.55 140.73 477.50 139.52 478.99 108.18
6 313.91 648.13 344.72 630.62 343.13 594.03 338.93 590.64 305.01 575.56 297.75 635.06
6 476.11 73.92 469.44 78.11 467.17 100.79 478.99 108.18 492.60 104.92 495.25 102.62
7 733.39 1017.96 748.92 1017.96 796.94 958.94 778.32 937.41 738.62 939.30 728.23 968.89 727.50 988.50
7 894.87 827.34 935.45 856.32 937.52 856.16 978.75 830.19 954.78 808.22 934.40 795.11 895.68 822.68
7 785.31 179.49 788.09 174.90 764.39 118.61 751.43 118.11 742.19 119.09 707.97 178.59 719.64 198.56
6 554.13 314.13 515.39 379.50 555.16 384.72 571.62 376.81 589.64 352.63 589.54 349.54
5 31.97 41.61 31.14 67.01 85.20 78.84 102.08 48.45 33.84 40.58
8 190.81 391.00 234.05 357.52 224.90 339.97 181.47 331.06 157.44 353.62 158.31 357.69 160.25 361.94 183.01 391.00
5 571.71 220.28 574.24 221.07 600.71 195.60 605.49 157.92 537.44 159.81
7 967.12 462.57 976.93 449.64 952.67 406.66 900.14 432.93 897.49 437.48 901.74 452.35 956.29 473.84
5 270.34 288.55 280.52 290.12 281.88 288.43 270.35 200.03 230.74 231.53
5 954.22 18.96 995.64 74.18 1018.96 70.00 1018.96 -19.96 949.59 -19.96
7 210.23 685.04 209.94 670.85 190.30 668.59 161.71 714.78 167.46 725.64 171.33 725.33 197.71 706.49
6 690.91 432.94 685.34 440.26 722.00 471.13 722.00 428.75 717.60 421.06 703.83 426.33
5 796.07 12.20 745.75 31.56 738.25 39.89 777.86 60.46 786.06 45.98
5 379.26 388.51 346.54 362.33 338.74 393.53 339.43 396.70 371.33 398.82
7 722.53 378.72 759.88 348.38 757.56 336.79 753.40 330.46 726.74 325.91 685.69 331.94 716.05 376.67
12 230.74 231.53 270.35 200.03 277.00 190.63 286.03 161.45 285.77 160.93 274.55 151.43 259.67 145.21 243.53 145.85 229.12 152.19 192.09 208.41 190.97 213.70 227.18 231.48
6 228.42 435.31 234.77 434.62 274.99 406.89 272.69 385.60 271.55 382.94 215.60 406.25
6 500.46 492.61 474.60 485.37 466.91 493.48 465.75 502.45 475.70 524.33 513.02 519.00
8 346.49 360.64 339.51 340.32 298.85 331.89 270.42 372.07 271.55 382.94 272.69 385.60 338.74 393.53 346.54 362.33
7 645.31 952.84 621.33 926.86 611.00 923.35 611.00 938.40 618.67 964.47 624.74 973.30 638.68 964.67
6 609.28 605.28 583.99 614.13 611.38 634.22 617.75 634.41 618.03 634.12 611.55 604.99
6 555.16 384.72 571.09 420.94 576.50 426.82 621.53 432.12 615.87 398.93 571.62 376.81
6 431.08 218.99 465.04 215.22 475.88 192.45 450.56 169.94 421.29 183.60 420.77 210.27
6 99.72 447.69 98.64 448.70 128.84 469.07 158.93 470.68 179.32 463.65 182.41 392.56
5 548.54 90.17 546.33 68.89 535.81 46.09 517.66 70.29 519.26 85.29
8 526.72 734.94 469.70 731.99 467.80 734.82 461.45 750.60 467.09 782.20 476.58 792.69 532.38 767.89 530.87 742.67
6 901.74 452.35 897.49 437.48 851.39 436.63 846.55 447.77 858.98 473.56 893.95 478.33
5 858.98 473.56 846.55 447.77 796.59 483.85 808.90 508.16 841.97 518.90
6 95.05 222.07 110.50 168.00 103.18 159.38 73.02 161.97 70.38 167.42 68.55 186.35
7 883.74 757.35 866.08 715.17 823.50 725.31 823.48 725.32 821.99 729.95 843.68 765.68 878.44 768.58
8 313.91 648.13 315.85 688.88 327.68 696.31 337.98 695.89 374.58 676.52 376.59 668.20 361.20 638.14 344.72 630.62
6 794.05 211.19 785.31 179.49 719.64 198.56 715.47 221.86 746.09 261.66 789.47 238.69
5 621.53 432.12 576.50 426.82 576.50 448.15 597.92 478.38 633.19 444.92
5 395.15 841.39 368.30 865.09 393.00 904.82 423.37 876.29 406.11 847.81
6 861.97 617.13 868.90 648.28 882.82 661.04 905.02 649.38 912.16 606.55 899.91 590.21
7 923.96 127.94 909.23 161.23 936.09 191.51 967.88 158.55 971.00 132.02 963.29 113.61 925.02 126.61
6 608.28 119.98 619.74 135.12 654.26 135.80 689.68 87.38 687.56 35.02 660.94 1.51
7 634.31 746.59 634.66 743.68 610.57 716.57 603.63 713.58 586.53 728.83 583.97 744.17 586.10 750.30
8 295.07 769.59 276.43 782.52 280.50 799.72 305.82 819.42 340.12 810.39 340.69 808.99 314.96 778.52 301.81 769.51
6 97.63 569.20 74.12 571.47 44.93 607.96 69.02 627.12 89.47 620.40 101.04 595.32
4 301.81 769.51 314.96 778.52 367.07 752.46 325.10 736.73
5 589.14 296.14 622.81 288.65 624.66 284.42 573.33 260.73 572.71 262.01
5 157.72 756.57 183.04 778.73 204.25 758.94 158.34 747.46 156.97 749.48
