500
547 434
158 307
791 844
482 679
296 16
417 35
307 980
793 917
899 288
812 274
738 623
832 778
22 552
175 855
498 539
93 125
73 838
367 510
593 838
893 86
644 905
832 631
567 649
225 96
502 116
408 674
391 278
669 495
857 966
919 324
755 928
576 705
529 578
453 91
992 490
502 9
640 223
659 506
497 629
106 197
139 161
383 453
877 252
312 403
290 457
575 320
987 301
228 266
927 593
21 864
994 660
525 955
670 202
650 512
792 270
697 402
193 638
210 713
761 662
995 950
30 632
700 926
995 129
243 457
843 962
179 1
115 956
380 401
130 618
130 767
124 985
628 698
453 7
479 163
859 773
349 474
412 366
750 79
233 976
427 274
228 387
594 633
31 162
452 130
360 893
116 375
514 994
35 8
342 89
598 598
346 489
349 138
302 729
906 943
925 622
359 568
525 976
258 440
819 79
3 862
283 662
165 686
280 610
204 426
502 459
250 332
702 947
382 355
373 710
948 738
563 758
692 863
707 536
472 34
279 925
516 285
635 646
82 710
426 154
667 736
436 350
906 373
798 574
995 785
261 495
205 882
941 973
578 82
349 732
653 883
449 524
420 728
444 387
166 785
107 758
177 147
625 363
718 702
840 677
275 87
312 99
493 844
561 734
452 969
406 567
851 822
973 621
575 82
408 248
414 238
42 846
265 819
89 661
800 328
804 133
719 936
866 398
633 662
604 267
533 319
68 218
210 841
955 864
421 829
889 561
592 648
941 875
604 650
849 232
974 781
707 134
613 73
832 267
60 584
417 291
819 554
136 874
187 508
461 59
739 81
222 749
596 958
642 780
332 504
889 508
543 253
873 586
890 202
651 972
82 799
954 305
205 269
615 376
646 301
209 811
868 486
253 918
780 805
821 672
10 767
257 626
263 636
514 494
610 755
109 720
306 981
308 829
260 748
833 374
296 819
743 433
971 928
669 414
623 614
686 963
2 183
11 148
153 517
677 627
310 426
367 836
593 794
854 339
121 111
492 88
833 22
506 628
201 776
566 141
872 410
144 958
473 909
415 568
37 189
430 850
961 905
569 463
187 132
163 946
834 51
538 945
648 369
754 393
891 87
432 837
659 991
699 468
874 955
656 808
747 0
9 2
644 719
996 786
379 376
135 626
807 677
870 559
686 669
903 743
96 945
207 620
535 453
773 733
427 709
955 917
809 576
496 578
102 968
943 299
110 308
561 69
609 963
685 389
710 311
933 570
980 174
45 824
207 76
144 403
366 406
58 279
667 979
763 518
451 235
618 230
502 275
279 662
212 317
55 89
411 110
928 683
133 552
995 338
950 966
405 40
638 405
20 344
636 718
481 986
196 122
397 253
423 409
866 934
558 60
576 511
455 468
201 720
722 304
197 981
500 479
359 51
804 35
235 698
782 301
926 676
367 613
357 989
444 820
376 185
602 594
395 602
986 151
982 789
135 726
407 570
862 558
127 391
280 43
404 601
934 94
10 181
464 898
641 783
387 638
476 247
952 41
547 887
896 778
141 237
770 428
923 734
930 701
560 446
933 594
66 331
639 979
519 790
489 219
813 893
618 333
441 64
131 872
818 441
332 296
394 498
823 203
729 449
610 969
921 479
287 238
1 55
638 186
238 833
593 849
428 903
679 610
985 495
692 404
807 44
914 943
557 760
815 997
660 748
930 742
314 448
66 287
107 928
803 375
527 102
396 275
856 860
384 781
146 106
423 778
652 934
348 772
899 105
918 865
844 802
320 940
55 744
687 364
62 557
271 929
529 913
439 497
537 194
910 398
999 613
992 369
854 998
98 513
188 170
708 743
116 87
903 563
140 996
164 810
65 31
201 254
488 262
571 293
8 621
819 228
195 820
512 57
981 503
772 14
314 87
307 849
65 309
630 485
184 1
190 749
510 705
988 228
700 269
345 561
528 280
32 721
632 566
871 332
335 972
175 808
489 119
891 120
686 491
395 27
604 307
445 842
134 579
637 251
996 411
567 535
163 183
504 75
395 198
909 254
805 559
246 584
934 28
380 113
246 605
313 223
468 118
321 615
483 94
756 949
938 837
747 157
560 335
62 57
204 356
567 177
934 446
264 241
976 23
186 699
715 449
777 27
367 391
715 345
229 197
238 411
493 504
315 378
626 958
605 618
597 412
447 199
158 424
532 72
507 763
871 464
844 477
99 195
860 761
346 659
765 219
593 446
397 870
895 617
952 147
640 85
609 742
303 810
65 588
340 756
598 280
187 761
